DIURNO
| 1  | 2  | 3  | 4  | 5  | 6  | 7  | 8  | 9  | 10 |

| 17 | 10 | 23 | 21 | 17 | 24 | 21 | 22 | 23 | 05 |
| 24 | 08 | 03 | 15 | 09 | 11 | 06 | 13 | 06 | 17 |
| 19 | 18 | 11 | 10 | 14 | 03 | 14 | 25 | 19 | 07 |
| 01 | 13 | 12 | 07 | 12 | 02 | 22 | 03 | 20 | 11 |

NOTURNO
| 1  | 2  | 3  | 4  | 5  | 6  | 7  | 8  | 9  | 10 |

| 03 | 18 | 14 | 19 | 24 | 23 | 14 | 06 | 14 | 08 |
| 19 | 11 | 06 | 15 | 12 | 04 | 08 | 16 | 07 | 22 |
| 24 | 21 | 16 | 20 | 08 | 18 | 22 | 05 | 17 | 25 |
| 22 | 13 | 05 | 24 | 16 | 24 | 06 | 14 | 22 | 24 |

DIURNO E NOTURNO
| 1  | 2  | 3  | 4  | 5  | 6  | 7  | 8  | 9  | 10 |

| 17 | 18 | 06 | 15 | 12 | 24 | 14 | 06 | 20 | 02 |
| 24 | 13 | 14 | 06 | 23 | 25 | 22 | 15 | 16 | 22 |
| 19 | 11 | 05 | 07 | 25 | 11 | 06 | 21 | 19 | 25 |
| 22 | 09 | 22 | 11 | 16 | 18 | 16 | 19 | 22 | 08 |

