DIURNO
| 1  | 2  | 3  | 4  | 5  | 6  | 7  | 8  | 9  | 10 |

| 01 | 24 | 02 | 18 | 24 | 10 | 06 | 19 | 04 | 22 |
| 03 | 15 | 12 | 15 | 22 | 13 | 19 | 01 | 14 | 17 |
| 09 | 06 | 24 | 13 | 12 | 07 | 09 | 16 | 18 | 18 |
| 23 | 25 | 11 | 17 | 13 | 04 | 05 | 11 | 21 | 13 |

NOTURNO
| 1  | 2  | 3  | 4  | 5  | 6  | 7  | 8  | 9  | 10 |

| 12 | 22 | 24 | 07 | 17 | 09 | 04 | 16 | 23 | 01 |
| 03 | 15 | 08 | 18 | 08 | 19 | 09 | 04 | 10 | 16 |
| 19 | 12 | 25 | 19 | 02 | 21 | 17 | 02 | 02 | 07 |
| 06 | 07 | 16 | 02 | 21 | 24 | 19 | 23 | 16 | 24 |

DIURNO E NOTURNO
| 1  | 2  | 3  | 4  | 5  | 6  | 7  | 8  | 9  | 10 |

| 03 | 15 | 24 | 18 | 17 | 07 | 19 | 16 | 23 | 18 |
| 08 | 12 | 02 | 02 | 21 | 04 | 09 | 25 | 14 | 07 |
| 06 | 10 | 23 | 15 | 06 | 08 | 05 | 23 | 02 | 03 |
| 24 | 11 | 19 | 07 | 24 | 09 | 07 | 19 | 16 | 17 |

