DIURNO
| 1  | 2  | 3  | 4  | 5  | 6  | 7  | 8  | 9  | 10 |

| 06 | 06 | 25 | 19 | 04 | 17 | 11 | 13 | 18 | 01 |
| 12 | 24 | 22 | 15 | 09 | 04 | 13 | 09 | 10 | 05 |
| 07 | 09 | 21 | 22 | 19 | 23 | 22 | 20 | 24 | 02 |
| 15 | 10 | 10 | 21 | 11 | 24 | 12 | 17 | 12 | 25 |

NOTURNO
| 1  | 2  | 3  | 4  | 5  | 6  | 7  | 8  | 9  | 10 |

| 04 | 15 | 12 | 14 | 15 | 05 | 24 | 17 | 04 | 01 |
| 18 | 22 | 21 | 02 | 17 | 21 | 20 | 20 | 24 | 05 |
| 20 | 24 | 19 | 13 | 18 | 22 | 08 | 12 | 07 | 20 |
| 25 | 10 | 01 | 17 | 22 | 10 | 15 | 09 | 02 | 08 |

DIURNO E NOTURNO
| 1  | 2  | 3  | 4  | 5  | 6  | 7  | 8  | 9  | 10 |

| 18 | 24 | 21 | 15 | 04 | 10 | 11 | 17 | 24 | 01 |
| 07 | 10 | 22 | 05 | 19 | 11 | 22 | 20 | 18 | 05 |
| 12 | 12 | 20 | 14 | 07 | 04 | 23 | 12 | 07 | 09 |
| 05 | 11 | 16 | 07 | 22 | 12 | 15 | 09 | 12 | 25 |

